183985969
54311338
8671490
4027889
17974228
530573866
591386123
884527912
884527910
12667704
5565637
884527916
884527914
884527918
73666470
884527920
602672386
240254688
240254682
884527924
884527926
884527928
884527922
884527908
327288995
884527906
59895726
59895724
86211177
612053414
86211179
85720641
395539363
38231560
52221229
31322956
52857761
512989065
289629292
533178379
731236363
507693866
14192790
625289930
568939385
37194856
568939379
213579634
25742620
589933402
880974618
532046007
674074617
667308135
562835163
83630405
532067275
655819600
504165095
852759624
507555013
586461042
634888841
51101223
471399281
98956513
617617805
744551514
743705125
560917086
560959760
47522990
466021507
470597006
602719153
593762353
594657847
27807027
742236428
555986909
594102812
1905885
803253841
426227987
548463879
556772617
295007320
591302466
410952805
511834482
62275622
62275609
301755248
671026532
472356891
73975826
586551086
284813847
98956505
759111738
284813829
284813843
284813839
641724698
284813833
98956515
554548891
284813831
194400541
584053674
558123362
254838572
284813841
505801345
507931660
507667492
831225769
826351608
829888493
664699950
664699948
149706207
478488770
795152647
724899480
795323436
402864747
795402852
685533192
545687090
795228246
635116136
109068106
110832709
57114123
426357812
297681450
332224382
296210687
403256847
817317597
640810396
585696530
296142096
296142094
296142098
570517896
296142092
2894432
701322822
12054987
6687226
723552850
697870545
727000194
669286296
677991594
30408056
30408054
543380551
30408052
734704494
734704476
734704472
734704470
734704468
734704484
30408058
7981414
734704486
734704490
734704480
734704492
734704478
734704482
734704466
734704474
115529268
542185675
543297617
734704488
30408060
525028303
30408064
30408062
734704498
734704500
734704502
734704504
734704506
734704508
734704496
675421290
704335932
154813845
700375237
701343627
699660929
696987556
697033715
694850140
686608688
45382143
704289124
541992323
529449849
768405188
729741604
698413180
700438741
155008488
38231558
